{
  "advancedEditorSelectedIdentifier" : "ProjectBrowser",
  "openSceneRelativePaths" : [
    "Immersive.usda"
  ],
  "recentIdentifiers" : {
    "AF09ED6F-1707-48FD-8720-65B998362C09" : [

    ]
  },
  "sceneCameraHistory" : {
    "AF09ED6F-1707-48FD-8720-65B998362C09" : [
      {
        "date" : 753279896.467053,
        "title" : "Untitled",
        "transform" : [
          0.024756081,
          -1.265618e-07,
          0.9996935,
          0,
          0.49812323,
          0.8670185,
          -0.012335249,
          0,
          -0.86675274,
          0.49827594,
          0.021464033,
          0,
          -2.637333,
          3.3699865,
          0.7652622,
          1
        ]
      },
      {
        "date" : 753229515.957896,
        "title" : "Untitled",
        "transform" : [
          0.024756081,
          -1.265618e-07,
          0.9996935,
          0,
          0.49812323,
          0.8670185,
          -0.012335249,
          0,
          -0.86675274,
          0.49827594,
          0.021464033,
          0,
          -4.267257,
          5.4527054,
          1.2382095,
          1
        ]
      },
      {
        "date" : 753228507.913551,
        "title" : "Untitled",
        "transform" : [
          0.024756081,
          -1.265618e-07,
          0.9996935,
          0,
          0.49812323,
          0.8670185,
          -0.012335249,
          0,
          -0.86675274,
          0.49827594,
          0.021464033,
          0,
          -8.9738455,
          11.180479,
          4.3483214,
          1
        ]
      },
      {
        "date" : 753228505.973722,
        "title" : "Untitled",
        "transform" : [
          0.024756081,
          -1.265618e-07,
          0.9996935,
          0,
          0.49812323,
          0.8670185,
          -0.012335249,
          0,
          -0.86675274,
          0.49827594,
          0.021464033,
          0,
          -5.7458944,
          6.458961,
          3.0486302,
          1
        ]
      },
      {
        "date" : 753228498.540185,
        "title" : "Untitled",
        "transform" : [
          0.024756081,
          -1.265618e-07,
          0.9996935,
          0,
          0.49812323,
          0.8670185,
          -0.012335249,
          0,
          -0.86675274,
          0.49827594,
          0.021464033,
          0,
          -4.3168387,
          4.3686833,
          2.4732401,
          1
        ]
      },
      {
        "date" : 753228491.734412,
        "title" : "Untitled",
        "transform" : [
          0.024756081,
          -1.265618e-07,
          0.9996935,
          0,
          0.49812323,
          0.8670185,
          -0.012335249,
          0,
          -0.86675274,
          0.49827594,
          0.021464033,
          0,
          -1.9843788,
          2.8870144,
          0.92961884,
          1
        ]
      },
      {
        "date" : 753228489.764897,
        "title" : "Untitled",
        "transform" : [
          0.024755904,
          -7.34352e-08,
          0.99969345,
          0,
          0.4981233,
          0.8670185,
          -0.012335227,
          0,
          -0.8667528,
          0.49827603,
          0.02146385,
          0,
          -35.305676,
          -27.36051,
          81.504555,
          1
        ]
      },
      {
        "date" : 753228483.999275,
        "title" : "Untitled",
        "transform" : [
          0.024755904,
          -7.34352e-08,
          0.99969345,
          0,
          0.4981233,
          0.8670185,
          -0.012335227,
          0,
          -0.8667528,
          0.49827603,
          0.02146385,
          0,
          45.58944,
          -74.1914,
          73.51311,
          1
        ]
      },
      {
        "date" : 753228472.651947,
        "title" : "Untitled",
        "transform" : [
          0.024755904,
          -7.34352e-08,
          0.99969345,
          0,
          0.4981233,
          0.8670185,
          -0.012335227,
          0,
          -0.8667528,
          0.49827603,
          0.02146385,
          0,
          -0.19240582,
          0.8086466,
          2.5569913,
          1
        ]
      },
      {
        "date" : 753228422.402002,
        "title" : "Untitled",
        "transform" : [
          0.024755904,
          -7.34352e-08,
          0.99969345,
          0,
          0.4981233,
          0.8670185,
          -0.012335227,
          0,
          -0.8667528,
          0.49827603,
          0.02146385,
          0,
          -8.596483,
          2.367884,
          -0.5998622,
          1
        ]
      }
    ]
  },
  "sceneViewportBackgroundColors" : {

  }
}